[gd_scene load_steps=10 format=2]

[ext_resource path="res://Controller.tscn" type="PackedScene" id=1]
[ext_resource path="res://Textures/DebugGridMaterial.tres" type="Material" id=2]
[ext_resource path="res://Textures/DebugGround1024.png" type="Texture" id=3]
[ext_resource path="res://Textures/DebugRoad1024.png" type="Texture" id=4]
[ext_resource path="res://Entities/Gachas/ColorGacha.tscn" type="PackedScene" id=5]
[ext_resource path="res://Entities/Ball.tscn" type="PackedScene" id=6]

[sub_resource type="SpatialMaterial" id=1]
albedo_texture = ExtResource( 3 )
uv1_scale = Vector3( -16, 16, 16 )

[sub_resource type="Curve3D" id=2]
_data = {
"points": PoolVector3Array( 3.86783, 0, 0.0970488, -3.86783, 0, -0.0970488, -2.85483, 0, -10.143, 3.07741, 0, -2.07662, -3.07741, 0, 2.07662, -20.8049, 0, -7.43706, -2.08662, 0, -7.65061, 2.08662, 0, 7.65061, -28.2362, 0, 7.04027, -7.19808, 0, -0.166428, 7.19808, 0, 0.166428, -7.01026, 0, 18.4734, -5.88072, 0, 1.34855, 5.88072, 0, -1.34855, 16.5048, 0, 17.0243, -1.9286, 0, 3.06113, 1.9286, 0, -3.06113, 27.439, 0, 11.162, 1.95765, 0, 4.64198, -1.95765, 0, -4.64198, 30.4689, 0, -1.87999, 3.34088, 0, 1.21681, -3.34088, 0, -1.21681, 22.8282, 0, -8.86205, 2.94568, 0, 0.294653, -2.94568, 0, -0.294653, 12.7503, 0, -11.1016, 3.86783, 0, 0.0970488, -3.86783, 0, -0.0970488, -2.85483, 0, -10.143 ),
"tilts": PoolRealArray( 0, 0, 0, 0, 0, 0, 0, 0, 0, 0 )
}

[sub_resource type="SpatialMaterial" id=3]
albedo_texture = ExtResource( 4 )

[node name="Level" type="Spatial"]

[node name="Ground" type="CSGBox" parent="."]
transform = Transform( 1, 0, 0, 0, 1, 0, 0, 0, 1, 0, -1, 0 )
use_collision = true
width = 128.0
depth = 128.0
material = SubResource( 1 )

[node name="Platform1" type="CSGBox" parent="."]
transform = Transform( 1, 0, 0, 0, 1, -1.49012e-08, 0, 1.49012e-08, 1, 0, -1, -7 )
use_collision = true
width = 4.0
height = 4.0
depth = 6.0
material = ExtResource( 2 )

[node name="Platform2" type="CSGBox" parent="."]
transform = Transform( -5.96046e-08, -1.49012e-08, -1, 0, 1, -1.49012e-08, 1, -8.88178e-16, -2.98023e-08, 1, -1, -16 )
use_collision = true
width = 4.0
height = 4.0
depth = 6.0
material = ExtResource( 2 )

[node name="Platform3" type="CSGBox" parent="."]
transform = Transform( -4.37114e-08, -1.49012e-08, -1, 0, 1, -1.49012e-08, 1, -6.5135e-16, -4.37114e-08, 11, 1, -16 )
use_collision = true
width = 4.0
height = 4.0
depth = 6.0
material = ExtResource( 2 )

[node name="Platform4" type="CSGBox" parent="."]
transform = Transform( -4.2222e-08, 0.258819, -0.965925, 1.13133e-08, 0.965925, 0.258819, 1, -6.5135e-16, -4.37114e-08, -32, -4.76837e-07, -16 )
use_collision = true
width = 4.0
height = 4.0
depth = 18.0
material = ExtResource( 2 )

[node name="Platform8" type="CSGBox" parent="."]
transform = Transform( -4.37114e-08, 0.173648, -0.984807, 0, 0.984807, 0.173648, 1, 7.5904e-09, -4.30473e-08, -30, -1, -22 )
use_collision = true
width = 4.0
height = 4.0
depth = 18.0
material = ExtResource( 2 )

[node name="Platform5" type="CSGBox" parent="."]
transform = Transform( -3.78552e-08, 0.5, -0.866025, 2.18557e-08, 0.866025, 0.5, 1, -6.5135e-16, -4.37114e-08, -30, 0, -10 )
use_collision = true
width = 4.0
height = 4.0
depth = 18.0
material = ExtResource( 2 )

[node name="Platform6" type="CSGBox" parent="."]
transform = Transform( -3.09086e-08, 0.707106, -0.707106, 3.09086e-08, 0.707106, 0.707106, 1, -6.5135e-16, -4.37114e-08, -29, 0, -4 )
use_collision = true
width = 4.0
height = 4.0
depth = 18.0
material = ExtResource( 2 )

[node name="Platform7" type="CSGBox" parent="."]
transform = Transform( -2.18557e-08, 0.866025, -0.5, 3.78552e-08, 0.5, 0.866025, 1, -6.5135e-16, -4.37114e-08, -29, 0, 2 )
use_collision = true
width = 4.0
height = 4.0
depth = 18.0
material = ExtResource( 2 )

[node name="Controller" parent="." instance=ExtResource( 1 )]
transform = Transform( 1, 0, 0, 0, 1, 0, 0, 0, 1, 0, 0.148045, 0 )

[node name="DirectionalLight" type="DirectionalLight" parent="."]
transform = Transform( 0.707107, -0.5, 0.5, 0, 0.707107, 0.707107, -0.707107, -0.5, 0.5, 6.1797, 5.36232, 4.37889 )
shadow_enabled = true
directional_shadow_blend_splits = true

[node name="Path" type="Path" parent="."]
transform = Transform( -4.37114e-08, 0, -1, 0, 1, 0, 1, 0, -4.37114e-08, 45, 0, -24 )
curve = SubResource( 2 )

[node name="CSGPolygon" type="CSGPolygon" parent="."]
transform = Transform( -4.37114e-08, 0, -1, 0, 1, 0, 1, 0, -4.37114e-08, 45, 0, -24 )
use_collision = true
invert_faces = true
polygon = PoolVector2Array( -2, 0, -2, 0.2, 2, 0.2, 2, 0 )
mode = 2
path_node = NodePath("../Path")
path_interval = 1.0
path_rotation = 2
path_local = false
path_continuous_u = false
path_joined = true
material = SubResource( 3 )

[node name="Ball" parent="." instance=ExtResource( 6 )]
transform = Transform( 1, 0, 0, 0, 1, 0, 0, 0, 1, -5, 1, -3 )

[node name="BallBig" parent="." instance=ExtResource( 6 )]
transform = Transform( 2, 0, 0, 0, 2, 0, 0, 0, 2, -11, 2.39306, -3 )

[node name="gacha" parent="." instance=ExtResource( 5 )]
transform = Transform( 1, 0, 0, 0, 1, 0, 0, 0, 1, 0, 1, -7 )
color = Color( 1, 0, 0, 1 )

[node name="gacha2" parent="." instance=ExtResource( 5 )]
transform = Transform( 1, 0, 0, 0, 1, 0, 0, 0, 1, 1, 1, -16 )
color = Color( 0, 1, 0.0156863, 1 )

[node name="gacha3" parent="." instance=ExtResource( 5 )]
transform = Transform( 1, 0, 0, 0, 1, 0, 0, 0, 1, 11, 3, -16 )
color = Color( 0, 0.180392, 1, 1 )

[node name="gacha5" parent="." instance=ExtResource( 5 )]
transform = Transform( 1, 0, 0, 0, 1, 0, 0, 0, 1, 27, 0.193995, -16 )
color = Color( 0.780392, 0, 1, 1 )

[node name="gacha6" parent="." instance=ExtResource( 5 )]
transform = Transform( 1, 0, 0, 0, 1, 0, 0, 0, 1, 27, 0.193995, -20 )
color = Color( 0.780392, 0, 1, 1 )

[node name="gacha7" parent="." instance=ExtResource( 5 )]
transform = Transform( 1, 0, 0, 0, 1, 0, 0, 0, 1, 27, 0.193995, -24 )
color = Color( 0.780392, 0, 1, 1 )

[node name="gacha8" parent="." instance=ExtResource( 5 )]
transform = Transform( 1, 0, 0, 0, 1, 0, 0, 0, 1, 27, 0.193995, -28 )
color = Color( 0.780392, 0, 1, 1 )

[node name="gacha9" parent="." instance=ExtResource( 5 )]
transform = Transform( 1, 0, 0, 0, 1, 0, 0, 0, 1, 27, 0.193995, -32 )
color = Color( 0.780392, 0, 1, 1 )

[node name="gacha10" parent="." instance=ExtResource( 5 )]
transform = Transform( 1, 0, 0, 0, 1, 0, 0, 0, 1, 27, 0.193995, -36 )
color = Color( 0.780392, 0, 1, 1 )

[node name="gacha14" parent="." instance=ExtResource( 5 )]
transform = Transform( 1, 0, 0, 0, 1, 0, 0, 0, 1, 28, 0.193995, -40 )
color = Color( 0.780392, 0, 1, 1 )

[node name="gacha15" parent="." instance=ExtResource( 5 )]
transform = Transform( 1, 0, 0, 0, 1, 0, 0, 0, 1, 29.5577, 0.193995, -44 )
color = Color( 0.780392, 0, 1, 1 )

[node name="gacha16" parent="." instance=ExtResource( 5 )]
transform = Transform( 1, 0, 0, 0, 1, 0, 0, 0, 1, 32, 0.193995, -48 )
color = Color( 0.780392, 0, 1, 1 )

[node name="gacha17" parent="." instance=ExtResource( 5 )]
transform = Transform( 0.606433, 0, -0.795135, 0, 1, 0, 0.795135, 0, 0.606433, 35.6084, 0.193995, -51.2247 )
color = Color( 0.780392, 0, 1, 1 )

[node name="gacha18" parent="." instance=ExtResource( 5 )]
transform = Transform( 0.606433, 0, -0.795135, 0, 1, 0, 0.795135, 0, 0.606433, 39.9871, 0.193995, -52.4118 )
color = Color( 0.780392, 0, 1, 1 )

[node name="gacha19" parent="." instance=ExtResource( 5 )]
transform = Transform( 0.606433, 0, -0.795135, 0, 1, 0, 0.795135, 0, 0.606433, 44.8547, 0.193995, -51.8467 )
color = Color( 0.780392, 0, 1, 1 )

[node name="gacha11" parent="." instance=ExtResource( 5 )]
transform = Transform( 1, 0, 0, 0, 1, 0, 0, 0, 1, 29, 0.193995, -4 )
color = Color( 0.780392, 0, 1, 1 )

[node name="gacha12" parent="." instance=ExtResource( 5 )]
transform = Transform( 1, 0, 0, 0, 1, 0, 0, 0, 1, 28, 0.193995, -8 )
color = Color( 0.780392, 0, 1, 1 )

[node name="gacha13" parent="." instance=ExtResource( 5 )]
transform = Transform( 1, 0, 0, 0, 1, 0, 0, 0, 1, 27, 0.193995, -12 )
color = Color( 0.780392, 0, 1, 1 )

[node name="gacha20" parent="." instance=ExtResource( 5 )]
transform = Transform( -0.998587, 0, -0.0531377, 0, 1, 0, 0.0531377, 0, -0.998587, 54.9835, 0.193995, -30.627 )
color = Color( 0.780392, 0, 1, 1 )

[node name="gacha21" parent="." instance=ExtResource( 5 )]
transform = Transform( -0.998587, 0, -0.0531377, 0, 1, 0, 0.0531377, 0, -0.998587, 55.2028, 0.193995, -26.6326 )
color = Color( 0.780392, 0, 1, 1 )

[node name="gacha22" parent="." instance=ExtResource( 5 )]
transform = Transform( -0.998587, 0, -0.0531377, 0, 1, 0, 0.0531377, 0, -0.998587, 55.3175, 0.193995, -22.6383 )
color = Color( 0.780392, 0, 1, 1 )

[node name="gacha23" parent="." instance=ExtResource( 5 )]
transform = Transform( -0.998587, 0, -0.0531377, 0, 1, 0, 0.0531377, 0, -0.998587, 55.999, 0.193995, -18.6439 )
color = Color( 0.780392, 0, 1, 1 )

[node name="gacha24" parent="." instance=ExtResource( 5 )]
transform = Transform( -0.998587, 0, -0.0531377, 0, 1, 0, 0.0531377, 0, -0.998587, 56.2116, 0.193995, -14.6496 )
color = Color( 0.780392, 0, 1, 1 )

[node name="gacha25" parent="." instance=ExtResource( 5 )]
transform = Transform( -0.998587, 0, -0.0531377, 0, 1, 0, 0.0531377, 0, -0.998587, 56.4241, 0.193995, -10.6552 )
color = Color( 0.780392, 0, 1, 1 )

[node name="gacha26" parent="." instance=ExtResource( 5 )]
transform = Transform( -0.998587, 0, -0.0531377, 0, 1, 0, 0.0531377, 0, -0.998587, 55.6381, 0.193995, -6.60773 )
color = Color( 0.780392, 0, 1, 1 )

[node name="gacha27" parent="." instance=ExtResource( 5 )]
transform = Transform( -0.998587, 0, -0.0531377, 0, 1, 0, 0.0531377, 0, -0.998587, 54.2951, 0.193995, -2.53061 )
color = Color( 0.780392, 0, 1, 1 )

[node name="gacha28" parent="." instance=ExtResource( 5 )]
transform = Transform( -0.998587, 0, -0.0531377, 0, 1, 0, 0.0531377, 0, -0.998587, 52.4833, 0.193995, 2.34396 )
color = Color( 0.780392, 0, 1, 1 )

[node name="gacha29" parent="." instance=ExtResource( 5 )]
transform = Transform( -0.647828, 0, 0.761787, 0, 1, 0, -0.761787, 0, -0.647828, 48.9597, 0.193995, 5.44859 )
color = Color( 0.780392, 0, 1, 1 )

[node name="gacha30" parent="." instance=ExtResource( 5 )]
transform = Transform( -0.647828, 0, 0.761787, 0, 1, 0, -0.761787, 0, -0.647828, 44.3275, 0.193995, 7.02649 )
color = Color( 0.780392, 0, 1, 1 )

[node name="gacha31" parent="." instance=ExtResource( 5 )]
transform = Transform( -0.647828, 0, 0.761787, 0, 1, 0, -0.761787, 0, -0.647828, 39.4367, 0.193995, 6.11788 )
color = Color( 0.780392, 0, 1, 1 )

[node name="gacha37" parent="." instance=ExtResource( 5 )]
transform = Transform( -0.647828, 0, 0.761787, 0, 1, 0, -0.761787, 0, -0.647828, 34.6457, 0.193995, 3.71099 )
color = Color( 0.780392, 0, 1, 1 )

[node name="gacha38" parent="." instance=ExtResource( 5 )]
transform = Transform( -0.647828, 0, 0.761787, 0, 1, 0, -0.761787, 0, -0.647828, 30.831, 0.193995, 0.10252 )
color = Color( 0.780392, 0, 1, 1 )

[node name="gacha32" parent="." instance=ExtResource( 5 )]
transform = Transform( -0.998587, 0, -0.0531377, 0, 1, 0, 0.0531377, 0, -0.998587, 53.273, 0.193995, -42.5037 )
color = Color( 0.780392, 0, 1, 1 )

[node name="gacha35" parent="." instance=ExtResource( 5 )]
transform = Transform( -0.998587, 0, -0.0531377, 0, 1, 0, 0.0531377, 0, -0.998587, 51.4628, 0.193995, -46.2803 )
color = Color( 0.780392, 0, 1, 1 )

[node name="gacha36" parent="." instance=ExtResource( 5 )]
transform = Transform( -0.998587, 0, -0.0531377, 0, 1, 0, 0.0531377, 0, -0.998587, 48.3401, 0.193995, -49.5928 )
color = Color( 0.780392, 0, 1, 1 )

[node name="gacha33" parent="." instance=ExtResource( 5 )]
transform = Transform( -0.998587, 0, -0.0531377, 0, 1, 0, 0.0531377, 0, -0.998587, 53.9377, 0.193995, -38.5625 )
color = Color( 0.780392, 0, 1, 1 )

[node name="gacha34" parent="." instance=ExtResource( 5 )]
transform = Transform( -0.998587, 0, -0.0531377, 0, 1, 0, 0.0531377, 0, -0.998587, 54.7958, 0.193995, -34.6213 )
color = Color( 0.780392, 0, 1, 1 )

[node name="gacha4" parent="." instance=ExtResource( 5 )]
transform = Transform( 1, 0, 0, 0, 1, 0, 0, 0, 1, -31.8128, 8.94986, 2 )
color = Color( 0.964706, 0.819608, 0.0352941, 1 )
